25   0   760211   743843   776579 11.7 11.4 12.0   209291   200777   217805 15.3 14.7 15.9   143026   135555   150497 14.2 13.5 14.9  69200  68303  70097   61154   57232   65076 17.1 16.0 18.2 Massachusetts                                 MA est14_MA.txt 06NOV2015
25   1    18801    15272    22330  8.9  7.2 10.6     4498     3495     5501 13.4 10.4 16.4     3151     2418     3884 12.4  9.5 15.3  64150  61187  67113                                        Barnstable County                             MA est14_MA.txt 06NOV2015
25   3    16037    13403    18671 13.0 10.9 15.1     4543     3669     5417 20.4 16.5 24.3     2974     2341     3607 17.8 14.0 21.6  49890  46940  52840                                        Berkshire County                              MA est14_MA.txt 06NOV2015
25   5    66553    60900    72206 12.4 11.4 13.4    20107    17687    22527 17.4 15.3 19.5    13676    11976    15376 15.8 13.8 17.8  57732  55656  59808                                        Bristol County                                MA est14_MA.txt 06NOV2015
25   7     1544     1199     1889  9.0  7.0 11.0      420      321      519 13.4 10.3 16.5      293      223      363 12.6  9.6 15.6  61259  54940  67578                                        Dukes County                                  MA est14_MA.txt 06NOV2015
25   9    80526    73169    87883 10.7  9.7 11.7    25774    22528    29020 15.5 13.6 17.4    17893    15538    20248 14.5 12.6 16.4  70074  68522  71626                                        Essex County                                  MA est14_MA.txt 06NOV2015
25  11     8397     7117     9677 12.0 10.2 13.8     2091     1677     2505 16.7 13.4 20.0     1418     1101     1735 15.3 11.9 18.7  53953  50412  57494                                        Franklin County                               MA est14_MA.txt 06NOV2015
25  13    80178    73479    86877 17.7 16.2 19.2    27036    24178    29894 26.2 23.4 29.0    18480    16244    20716 24.3 21.4 27.2  49072  47009  51135                                        Hampden County                                MA est14_MA.txt 06NOV2015
25  15    20809    18436    23182 15.0 13.3 16.7     3078     2491     3665 12.5 10.1 14.9     2099     1686     2512 11.1  8.9 13.3  57737  53688  61786                                        Hampshire County                              MA est14_MA.txt 06NOV2015
25  17   134684   126083   143285  8.9  8.3  9.5    30754    27164    34344  9.6  8.5 10.7    20395    17755    23035  8.8  7.7  9.9  84026  81707  86345                                        Middlesex County                              MA est14_MA.txt 06NOV2015
25  19      765      590      940  7.1  5.5  8.7      184      139      229  8.2  6.2 10.2      124       93      155  8.0  6.0 10.0  82596  75718  89474                                        Nantucket County                              MA est14_MA.txt 06NOV2015
25  21    43999    38525    49473  6.5  5.7  7.3    10459     8628    12290  7.0  5.8  8.2     7565     6219     8911  6.8  5.6  8.0  90039  87658  92420                                        Norfolk County                                MA est14_MA.txt 06NOV2015
25  23    42124    36042    48206  8.5  7.3  9.7    13006    10831    15181 11.5  9.6 13.4     8889     7248    10530 10.3  8.4 12.2  74576  72340  76812                                        Plymouth County                               MA est14_MA.txt 06NOV2015
25  25   155184   146128   164240 21.5 20.2 22.8    41079    37354    44804 31.5 28.6 34.4    28556    25858    31254 32.7 29.6 35.8  54280  52553  56007                                        Suffolk County                                MA est14_MA.txt 06NOV2015
25  27    90611    82565    98657 11.5 10.5 12.5    26263    22963    29563 15.0 13.1 16.9    17513    15063    19963 13.4 11.5 15.3  65217  63662  66772                                        Worcester County                              MA est14_MA.txt 06NOV2015
